s1 = "abcdef"
s2 = "123456"

S1 = [s1; s2]