k = 5;
l = -8.3645;